# MapBiomas Collection 9 — GDAL color-relief table
# Source: https://github.com/mapbiomas-brazil/user-toolkit/
# Format: value R G B A (for gdaldem color-relief -alpha)
# 0 = NoData (transparent)
0    255  255  255  0
1    18   153  18   255
2    31   68   35   255
3    0    100  0    255
4    0    255  0    255
5    104  117  55   255
6    2    105  117  255
9    147  81   50   255
10   187  252  172  255
11   69   194  165  255
12   184  175  79   255
13   241  194  50   255
14   255  255  178  255
15   255  217  102  255
18   233  116  237  255
19   213  166  189  255
20   194  123  160  255
21   255  243  191  255
22   234  153  153  255
23   221  126  107  255
24   170  0    0    255
25   255  153  255  255
26   0    0    255  255
27   213  213  229  255
29   178  174  124  255
30   175  42   42   255
31   138  43   226  255
32   150  140  70   255
33   0    0    255  255
34   150  140  70   255
36   243  180  241  255
37   2    16   111  255
38   2    16   111  255
39   197  159  244  255
40   186  135  248  255
41   231  135  248  255
42   204  160  212  255
43   208  130  222  255
44   205  73   228  255
45   224  76   250  255
46   241  159  79   255
47   160  0    174  255
48   235  171  112  255
49   2    214  89   255
50   72   238  210  255
62   243  180  241  255
