# South Africa National Land Cover (SANLC) — GDAL color-relief table
# Source: DFFE EGIS, 73 classes (simplified to major groups)
# Format: value R G B A
0    0    0    0    0
1    150  0    0    255
2    200  0    0    255
3    255  50   50   255
4    255  100  100  255
5    255  180  50   255
6    0    100  0    255
7    0    150  0    255
8    0    200  0    255
9    100  200  100  255
10   200  255  200  255
11   150  200  150  255
12   0    255  0    255
13   200  200  0    255
14   255  255  0    255
15   255  200  0    255
16   255  150  100  255
17   200  150  50   255
18   0    0    200  255
19   0    100  255  255
20   100  200  255  255
30   255  255  0    255
31   200  200  0    255
32   255  200  100  255
33   200  150  50   255
34   150  100  50   255
35   0    200  0    255
36   100  255  100  255
40   200  200  200  255
41   150  150  150  255
42   100  100  100  255
72   0    0    255  255
73   0    0    200  255
255  0    0    0    0
