# USDA NASS Cropland Data Layer (CDL) — GDAL color-relief table
# Source: https://developers.google.com/earth-engine/datasets/catalog/USDA_NASS_CDL
# Format: value R G B A
0    0    0    0    0
1    255  212  0    255
2    255  38   38   255
3    0    169  230  255
4    255  158  15   255
5    38   115  0    255
6    255  255  0    255
10   112  168  0    255
11   0    175  77   255
12   224  166  15   255
13   224  166  15   255
14   128  212  255  255
21   226  0    127  255
22   138  100  83   255
23   217  181  108  255
24   168  112  0    255
25   214  157  188  255
26   115  115  0    255
27   174  1    126  255
28   161  88   137  255
29   115  0    76   255
30   214  157  188  255
31   209  255  0    255
32   128  153  255  255
33   214  214  0    255
34   209  255  0    255
35   0    175  77   255
36   255  168  227  255
37   165  245  141  255
38   0    175  77   255
39   214  157  188  255
41   169  0    230  255
42   168  0    0    255
43   115  38   0    255
44   0    175  77   255
45   179  128  255  255
46   115  38   0    255
47   255  102  102  255
48   255  102  102  255
49   255  204  102  255
50   255  102  102  255
51   0    175  77   255
52   0    222  176  255
53   85   255  0    255
54   245  162  122  255
55   255  102  102  255
56   0    175  77   255
57   128  212  255  255
58   232  190  255  255
59   178  255  222  255
60   0    175  77   255
61   191  191  122  255
63   149  206  147  255
64   199  215  158  255
65   204  191  163  255
66   255  0    255  255
67   255  145  171  255
68   185  0    80   255
69   112  68   137  255
70   0    120  120  255
71   179  156  112  255
72   255  255  128  255
74   182  112  92   255
75   0    168  132  255
76   235  214  176  255
77   179  156  112  255
81   247  247  247  255
82   156  156  156  255
83   77   112  163  255
87   128  179  179  255
88   233  255  190  255
92   0    255  255  255
111  77   112  163  255
112  212  227  252  255
121  156  156  156  255
122  156  156  156  255
123  156  156  156  255
124  156  156  156  255
131  204  191  163  255
141  149  206  147  255
142  149  206  147  255
143  149  206  147  255
152  199  215  158  255
176  233  255  190  255
190  128  179  179  255
195  128  179  179  255
204  0    255  140  255
205  214  157  188  255
206  255  102  102  255
207  255  102  102  255
208  255  102  102  255
209  255  102  102  255
210  255  145  171  255
211  52   74   52   255
212  230  117  37   255
213  255  102  102  255
214  255  102  102  255
215  102  153  77   255
216  255  102  102  255
217  179  156  112  255
218  255  145  171  255
219  255  102  102  255
220  255  145  171  255
221  255  102  102  255
222  255  102  102  255
223  255  145  171  255
224  0    175  77   255
225  255  212  0    255
226  255  212  0    255
227  255  102  102  255
228  255  212  0    255
229  255  102  102  255
230  138  100  83   255
231  255  102  102  255
232  255  38   38   255
233  226  0    127  255
234  255  158  15   255
235  255  158  15   255
236  168  112  0    255
237  255  212  0    255
238  168  112  0    255
239  38   115  0    255
240  38   115  0    255
241  255  212  0    255
242  0    0    153  255
243  255  102  102  255
244  255  102  102  255
245  255  102  102  255
246  255  102  102  255
247  255  102  102  255
248  255  102  102  255
249  255  102  102  255
250  255  102  102  255
254  38   115  0    255
